
-1.278576 1.129627 1.253009 0.326324 -0.534046 0.891784 0.528201 -1.2972724437713623 1.283837914466858 1.4267637729644775 0.6889073848724365 -1.098456859588623 0.6915106177330017 0.5302339792251587 0 
-1.278577 1.129628 1.253009 0.326323 -0.534046 0.891784 0.528201 -1.2980315685272217 1.2834264039993286 1.4288851022720337 0.6853116750717163 -1.096362590789795 0.6888082027435303 0.5301600098609924 0 
-1.278834 1.129727 1.253248 0.326728 -0.53457 0.891005 0.528377 -1.2973434925079346 1.283975601196289 1.426906704902649 0.6882832646369934 -1.0983994007110596 0.6896883249282837 0.5302074551582336 0 
-1.294803 1.158095 1.281795 0.355143 -0.563078 0.862719 0.529989 -1.2976438999176025 1.2832231521606445 1.4285324811935425 0.6861750483512878 -1.0963307619094849 0.6883831024169922 0.5301362872123718 0 
-1.296995 1.195831 1.31929 0.393017 -0.601214 0.824568 0.530196 -1.2972766160964966 1.283215045928955 1.4268176555633545 0.6875203847885132 -1.0987131595611572 0.6898603439331055 0.5301340818405151 0 
-1.297535 1.235534 1.359559 0.432401 -0.640519 0.784994 0.530186 -1.2980235815048218 1.2827752828598022 1.4281257390975952 0.6862065196037292 -1.0977044105529785 0.6884269714355469 0.5301738977432251 0 
-1.297338 1.272695 1.399081 0.472832 -0.680548 0.74478 0.53014 -1.2979921102523804 1.2833740711212158 1.4282748699188232 0.6840412616729736 -1.0986047983169556 0.6870032548904419 0.5300947427749634 0 
-1.297745 1.280406 1.421295 0.502711 -0.710996 0.714735 0.530183 -1.2976956367492676 1.2832597494125366 1.4268102645874023 0.6872845888137817 -1.0985974073410034 0.6899504065513611 0.5301218032836914 0 
-1.297997 1.283069 1.427676 0.552725 -0.761075 0.689728 0.530103 -1.2974094152450562 1.283350944519043 1.428391695022583 0.6866167783737183 -1.097079873085022 0.6879270672798157 0.5301689505577087 0 
-1.297745 1.283252 1.426987 0.592761 -0.800792 0.689934 0.530115 -1.2973018884658813 1.2832282781600952 1.4271661043167114 0.6865615248680115 -1.0977421998977661 0.6906891465187073 0.5300816297531128 0 
-1.297593 1.283288 1.427253 0.62306 -0.83054 0.689123 0.530118 -1.2973092794418335 1.2826757431030273 1.4285147190093994 0.6854714751243591 -1.0937566757202148 0.6874231100082397 0.5301222801208496 0 
-1.297324 1.283279 1.427326 0.672499 -0.880525 0.690436 0.5301 -1.2975051403045654 1.2836134433746338 1.4287233352661133 0.684745192527771 -1.096123218536377 0.6881952285766602 0.5301138758659363 0 
-1.297306 1.282811 1.428182 0.683674 -0.92042 0.688048 0.530107 -1.297560214996338 1.2831259965896606 1.4276742935180664 0.6855769157409668 -1.0976804494857788 0.6895580887794495 0.5301372408866882 0 
-1.297419 1.283279 1.428537 0.684565 -0.95216 0.688069 0.530108 -1.297297477722168 1.2831417322158813 1.4278837442398071 0.6850433945655823 -1.0976362228393555 0.6883613467216492 0.5301868915557861 0 
-1.297527 1.283255 1.42802 0.685373 -0.991463 0.689281 0.530123 -1.2972984313964844 1.2833995819091797 1.4272996187210083 0.6849743127822876 -1.0978832244873047 0.6894184350967407 0.5300936102867126 0 
-1.297362 1.283155 1.427842 0.6852 -1.040582 0.688597 0.530162 -1.2972190380096436 1.283400535583496 1.427458643913269 0.6859059929847717 -1.0984230041503906 0.6894770264625549 0.5300762057304382 0 
-1.297313 1.283238 1.427513 0.68504 -1.071452 0.689098 0.53014 -1.2979438304901123 1.2822297811508179 1.4301791191101074 0.6820573210716248 -1.0966664552688599 0.6855117678642273 0.5300440192222595 0 
-1.297232 1.283364 1.427418 0.685645 -1.094437 0.689415 0.5301 -1.2975618839263916 1.2816455364227295 1.4274781942367554 0.683468759059906 -1.097424864768982 0.6866006851196289 0.5300315022468567 0 
-1.297821 1.282424 1.429771 0.682601 -1.096552 0.685984 0.530045 -1.2977895736694336 1.2822906970977783 1.4285441637039185 0.6835671663284302 -1.0951290130615234 0.687471866607666 0.5301027297973633 0 
-1.297642 1.281805 1.428183 0.683152 -1.097152 0.686487 0.530035 -1.2976353168487549 1.2817872762680054 1.4289555549621582 0.6821997165679932 -1.09456205368042 0.6854126453399658 0.5300424695014954 0 
-1.297733 1.28214 1.428331 0.68344 -1.095577 0.687252 0.530065 -1.2979137897491455 1.2826279401779175 1.4299497604370117 0.6828219294548035 -1.0964913368225098 0.6851282715797424 0.5301251411437988 0 
-1.297756 1.282198 1.42933 0.68277 -1.095518 0.685695 0.530083 -1.2981351613998413 1.2807812690734863 1.429036021232605 0.6817370653152466 -1.0957711935043335 0.6851122379302979 0.5300208330154419 0 
-1.29788 1.28255 1.42985 0.682788 -1.096333 0.685193 0.530114 -1.2972875833511353 1.281807780265808 1.4271241426467896 0.6851164102554321 -1.1002707481384277 0.6886438131332397 0.5301071405410767 0 
-1.298069 1.281179 1.429406 0.681966 -1.095891 0.685115 0.530069 -1.2978057861328125 1.2823901176452637 1.4298547506332397 0.6819941997528076 -1.0950835943222046 0.6854385733604431 0.5299959182739258 0 
-1.297407 1.281685 1.427388 0.684591 -1.099724 0.688201 0.530078 -1.297626256942749 1.2834174633026123 1.4279918670654297 0.685809314250946 -1.0963362455368042 0.689102292060852 0.5301784873008728 0 
-1.29763 1.282188 1.428774 0.683006 -1.096692 0.686423 0.530052 -1.2981948852539062 1.282364010810852 1.4296860694885254 0.6827377676963806 -1.0943052768707275 0.6862292885780334 0.53007572889328 0 
-1.29765 1.283207 1.428326 0.68508 -1.096307 0.688519 0.530119 -1.2978837490081787 1.2815583944320679 1.4287298917770386 0.683150589466095 -1.0963056087493896 0.6863874793052673 0.5300706624984741 0 
-1.298045 1.282623 1.429273 0.683366 -1.094706 0.686762 0.530119 -1.2974430322647095 1.282305359840393 1.4276599884033203 0.6862198114395142 -1.0979301929473877 0.6898084282875061 0.5300949811935425 0 
-1.297942 1.28178 1.429012 0.683207 -1.096061 0.686676 0.530083 -1.2983171939849854 1.2819960117340088 1.4299805164337158 0.6812319159507751 -1.0958138704299927 0.6847084760665894 0.5300646424293518 0 
-1.297542 1.282164 1.427976 0.685522 -1.097522 0.689122 0.530082 -1.2974069118499756 1.28164803981781 1.427860975265503 0.6843846440315247 -1.0980055332183838 0.6868997812271118 0.5300800800323486 0 
-1.298172 1.28207 1.429634 0.68191 -1.096046 0.685295 0.530075 -1.2975144386291504 1.2835110425949097 1.428256630897522 0.6863968968391418 -1.0983567237854004 0.6889541745185852 0.5301864147186279 0 
-1.297688 1.281778 1.428748 0.683422 -1.097296 0.686279 0.530072 -1.2977936267852783 1.2820360660552979 1.429733395576477 0.6836776733398438 -1.0958541631698608 0.6847786903381348 0.5300975441932678 0 
-1.297525 1.283126 1.428313 0.685831 -1.09821 0.68849 0.530147 -1.2976254224777222 1.2814737558364868 1.4275914430618286 0.6844857931137085 -1.0991548299789429 0.6869266033172607 0.5300628542900085 0 
-1.297738 1.282242 1.429459 0.68404 -1.096169 0.685267 0.530122 -1.2979413270950317 1.2812221050262451 1.4306068420410156 0.679385244846344 -1.0944008827209473 0.6834972500801086 0.530040442943573 0 
-1.297668 1.281635 1.428197 0.68424 -1.098251 0.686372 0.530077 -1.297890067100525 1.2821125984191895 1.4286882877349854 0.6828728914260864 -1.0973297357559204 0.6865498423576355 0.5300803780555725 0 
-1.29786 1.281306 1.429977 0.680381 -1.095231 0.684084 0.53004 -1.2980210781097412 1.28224778175354 1.4299743175506592 0.6831365823745728 -1.0948506593704224 0.6859264969825745 0.5300734043121338 0 
-1.297899 1.281897 1.429236 0.682196 -1.096785 0.685982 0.530057 -1.2970963716506958 1.2817656993865967 1.4275078773498535 0.6852304935455322 -1.0984463691711426 0.6873252987861633 0.5300363898277283 0 
-1.297978 1.282183 1.429567 0.683082 -1.095709 0.686133 0.530069 -1.297652006149292 1.2828004360198975 1.4287376403808594 0.6835799813270569 -1.0967217683792114 0.6869398355484009 0.5301023721694946 0 
-1.297294 1.281938 1.428071 0.684735 -1.097807 0.687053 0.530057 -1.297541856765747 1.2821882963180542 1.4298110008239746 0.6825475692749023 -1.0965471267700195 0.6865394711494446 0.5300868153572083 0 
-1.297568 1.282645 1.428557 0.683811 -1.096879 0.686978 0.530087 -1.2981619834899902 1.2815583944320679 1.4308680295944214 0.6797807216644287 -1.0936280488967896 0.6822424530982971 0.5300593376159668 0 
-1.297574 1.282435 1.429447 0.68295 -1.096635 0.686673 0.53009 -1.2981623411178589 1.2817960977554321 1.430546760559082 0.6798814535140991 -1.0936386585235596 0.6839747428894043 0.5300673842430115 0 
-1.298011 1.281715 1.430613 0.680331 -1.094187 0.683059 0.530079 -1.297774314880371 1.2820407152175903 1.4296499490737915 0.6819023489952087 -1.096289873123169 0.6855124235153198 0.5300766229629517 0 
-1.298148 1.281707 1.430691 0.679876 -1.093691 0.683679 0.530066 -1.2979793548583984 1.2818089723587036 1.4300007820129395 0.6826067566871643 -1.0956870317459106 0.6844196319580078 0.5300577878952026 0 
-1.297919 1.281937 1.430121 0.681184 -1.095372 0.684933 0.530068 -1.2982181310653687 1.2823172807693481 1.4302375316619873 0.6825449466705322 -1.0970767736434937 0.6850865483283997 0.5300614237785339 0 
-1.29785 1.281988 1.429822 0.6821 -1.095943 0.684985 0.530069 -1.2981642484664917 1.282352089881897 1.4308464527130127 0.6824937462806702 -1.0954478979110718 0.6857177019119263 0.5301921963691711 0 
-1.298157 1.282244 1.430125 0.682506 -1.096917 0.685033 0.530064 -1.2977992296218872 1.2820336818695068 1.4310581684112549 0.6802684664726257 -1.095189094543457 0.6822201013565063 0.530004620552063 0 
-1.298173 1.282327 1.430696 0.682436 -1.095749 0.685252 0.530132 -1.2982401847839355 1.281170129776001 1.430423617362976 0.6786611676216125 -1.095194697380066 0.683426558971405 0.5299994945526123 0 
-1.297885 1.282153 1.430992 0.680731 -1.095311 0.682899 0.530065 -1.2979365587234497 1.2820152044296265 1.4303714036941528 0.6815456748008728 -1.096344232559204 0.6834657192230225 0.5300581455230713 0 
-1.298166 1.281303 1.430623 0.678861 -1.095201 0.683328 0.53 -1.2980539798736572 1.281609058380127 1.4299019575119019 0.6810095310211182 -1.095253348350525 0.6847165822982788 0.5300469994544983 0 
-1.298037 1.281681 1.430478 0.680601 -1.095923 0.68343 0.530018 -1.297886610031128 1.2818536758422852 1.4287523031234741 0.682549774646759 -1.0970332622528076 0.6863951086997986 0.5300570130348206 0 
-1.298028 1.281704 1.430052 0.680982 -1.095443 0.684463 0.530038 -1.2984588146209717 1.2813106775283813 1.431579828262329 0.6797611713409424 -1.0945162773132324 0.6817737817764282 0.5300649404525757 0 
-1.297919 1.28179 1.428991 0.682232 -1.096586 0.685727 0.530051 -1.2979943752288818 1.2816686630249023 1.4299640655517578 0.6814560890197754 -1.096983551979065 0.6843432784080505 0.5300299525260925 0 
-1.298358 1.281406 1.431117 0.680121 -1.094909 0.682501 0.530064 -1.2982852458953857 1.2823283672332764 1.4304198026657104 0.6818698644638062 -1.0949805974960327 0.685089111328125 0.5300546288490295 0 
-1.298077 1.281569 1.430375 0.681168 -1.096509 0.683924 0.530051 -1.2980103492736816 1.282132625579834 1.429896354675293 0.6818479299545288 -1.096726655960083 0.6842001080513 0.5300951600074768 0 
-1.298212 1.282184 1.43027 0.681726 -1.095355 0.684882 0.530044 -1.2978781461715698 1.2827869653701782 1.4306570291519165 0.68278968334198 -1.094921588897705 0.6844412088394165 0.5300461053848267 0 
-1.298107 1.282243 1.430237 0.681844 -1.096098 0.684512 0.530062 -1.298322081565857 1.2824084758758545 1.4310033321380615 0.6806643605232239 -1.095847249031067 0.6823087334632874 0.5300659537315369 0 
-1.297912 1.282699 1.430503 0.682642 -1.095081 0.684449 0.530056 -1.298031210899353 1.2824084758758545 1.4300824403762817 0.6829056143760681 -1.0969406366348267 0.6846868991851807 0.5300324559211731 0 
-1.298204 1.282536 1.430892 0.681127 -1.095651 0.682731 0.53006 -1.2984590530395508 1.2819700241088867 1.43152916431427 0.6792312264442444 -1.095897912979126 0.6828011274337769 0.5300367474555969 0 
-1.298082 1.282439 1.430438 0.682461 -1.096688 0.684248 0.530049 -1.2983756065368652 1.2819018363952637 1.4308257102966309 0.6805439591407776 -1.0963400602340698 0.6844341158866882 0.5300204157829285 0 
-1.298355 1.282082 1.431111 0.679882 -1.096111 0.683188 0.530035 -1.297910213470459 1.2818537950515747 1.4300742149353027 0.6817259192466736 -1.0960909128189087 0.6851823329925537 0.5301337242126465 0 
-1.29837 1.281934 1.430985 0.680438 -1.096301 0.684254 0.530026 -1.297427773475647 1.2827718257904053 1.429189920425415 0.6837319135665894 -1.0964874029159546 0.6852703094482422 0.5301173329353333 0 
-1.29781 1.282172 1.429916 0.68241 -1.096297 0.685052 0.530079 -1.2982972860336304 1.2815154790878296 1.4310970306396484 0.678957998752594 -1.094825029373169 0.6838542222976685 0.5300347208976746 0 
-1.297514 1.282616 1.429411 0.683373 -1.096437 0.685221 0.530107 -1.298373818397522 1.2817116975784302 1.43100106716156 0.6812289357185364 -1.0964710712432861 0.681812584400177 0.5300726890563965 0 
-1.298092 1.281819 1.430575 0.679852 -1.095176 0.684135 0.530068 -1.2981098890304565 1.2811627388000488 1.4294192790985107 0.6812768578529358 -1.0974504947662354 0.6846758127212524 0.5300887227058411 0 
-1.298341 1.28169 1.430962 0.680978 -1.096353 0.682273 0.530064 -1.2983899116516113 1.2821930646896362 1.4313445091247559 0.6797475218772888 -1.0965445041656494 0.6827875375747681 0.5300703644752502 0 
-1.298165 1.281307 1.429917 0.68123 -1.097217 0.684161 0.530074 -1.2981104850769043 1.2819383144378662 1.430033802986145 0.6808655858039856 -1.0962634086608887 0.6826119422912598 0.5300507545471191 0 
-1.298316 1.281971 1.43084 0.680031 -1.096724 0.683114 0.530075 -1.297839641571045 1.2817602157592773 1.430854320526123 0.6794204711914062 -1.094316840171814 0.6824442148208618 0.5300425291061401 0 
-1.298213 1.282066 1.430652 0.680482 -1.096379 0.682717 0.530069 -1.29839289188385 1.2819350957870483 1.430589199066162 0.6804621815681458 -1.0942955017089844 0.6832836866378784 0.5300501585006714 0 
-1.297905 1.281832 1.430649 0.679669 -1.094718 0.682483 0.530051 -1.2981483936309814 1.2819526195526123 1.4312576055526733 0.6801532506942749 -1.0954742431640625 0.6812505722045898 0.5300828218460083 0 
-1.298254 1.281855 1.430679 0.680221 -1.094359 0.683098 0.530045 -1.2981271743774414 1.2818366289138794 1.4311163425445557 0.6793939471244812 -1.094749093055725 0.6804589629173279 0.5300861597061157 0 
-1.298174 1.281941 1.431137 0.680217 -1.095301 0.681426 0.530065 -1.298315405845642 1.2817970514297485 1.4309712648391724 0.6787667274475098 -1.0956380367279053 0.6804885268211365 0.5300310850143433 0 
-1.298135 1.281906 1.431139 0.67956 -1.094879 0.680662 0.530077 -1.297988772392273 1.281717300415039 1.430587649345398 0.6811090111732483 -1.0958845615386963 0.6822249889373779 0.5300793647766113 0 
-1.298252 1.281831 1.431109 0.678893 -1.095442 0.680506 0.530061 -1.2978498935699463 1.2810903787612915 1.4308940172195435 0.6795311570167542 -1.0951404571533203 0.6817715764045715 0.530032753944397 0 
-1.298104 1.281753 1.43082 0.680251 -1.095735 0.681594 0.530055 -1.297942876815796 1.28184974193573 1.4307971000671387 0.6809619069099426 -1.0965512990951538 0.6816465258598328 0.5301006436347961 0 
-1.297881 1.281192 1.430828 0.679642 -1.095232 0.681752 0.530043 -1.2981457710266113 1.2817789316177368 1.4306066036224365 0.6809977293014526 -1.095496654510498 0.6817434430122375 0.5301250219345093 0 
-1.297909 1.281669 1.430827 0.680664 -1.096254 0.681697 0.530063 -1.298188328742981 1.2829266786575317 1.4310299158096313 0.6800109148025513 -1.0936694145202637 0.6839104294776917 0.5300925970077515 0 
-1.298082 1.281775 1.430718 0.680932 -1.095695 0.681709 0.530106 -1.2984718084335327 1.2812072038650513 1.429927945137024 0.6803068518638611 -1.0978540182113647 0.6826784610748291 0.5299991369247437 0 
-1.298165 1.282683 1.430812 0.680248 -1.094074 0.683468 0.530107 -1.2981774806976318 1.2821975946426392 1.4305686950683594 0.6805363893508911 -1.097104787826538 0.6835715174674988 0.5300548672676086 0 
-1.298393 1.281574 1.430305 0.680213 -1.097009 0.682882 0.530044 -1.2984254360198975 1.2820261716842651 1.4314403533935547 0.6797590255737305 -1.0965430736541748 0.6820173859596252 0.5300242900848389 0 
-1.29829 1.281849 1.430223 0.680416 -1.097275 0.683251 0.530023 -1.298745036125183 1.2813326120376587 1.4311859607696533 0.6795058250427246 -1.0947200059890747 0.6817482709884644 0.5300917029380798 0 
-1.298366 1.282009 1.431176 0.679894 -1.096682 0.682295 0.530025 -1.2985650300979614 1.2818995714187622 1.4316010475158691 0.6799857020378113 -1.094235897064209 0.6814262866973877 0.5300719738006592 0 
-1.298658 1.28152 1.431246 0.679559 -1.095119 0.681836 0.530061 -1.2985907793045044 1.28197181224823 1.4316953420639038 0.6801133751869202 -1.0961835384368896 0.6818916201591492 0.5300165414810181 0 
-1.298619 1.281799 1.431535 0.679865 -1.095179 0.681663 0.530066 -1.2978945970535278 1.2826828956604004 1.4295350313186646 0.6835854053497314 -1.0946253538131714 0.6859300136566162 0.5301826000213623 0 
-1.298598 1.281934 1.431663 0.68004 -1.095956 0.68183 0.530042 -1.298072338104248 1.2826290130615234 1.4300938844680786 0.6825222373008728 -1.0958070755004883 0.6844893097877502 0.5302148461341858 0 
-1.298111 1.282425 1.43052 0.6825 -1.095143 0.684596 0.5301 -1.2981359958648682 1.2830456495285034 1.4316242933273315 0.6814101338386536 -1.0940674543380737 0.6830057501792908 0.5301254391670227 0 
-1.29804 1.282631 1.429997 0.682642 -1.0956 0.68451 0.530204 -1.298505187034607 1.2822561264038086 1.43123459815979 0.680901825428009 -1.0944554805755615 0.6822272539138794 0.530102014541626 0 
-1.298112 1.28296 1.431214 0.68165 -1.094411 0.683256 0.530171 -1.2984106540679932 1.283425211906433 1.4301871061325073 0.6830095052719116 -1.0969692468643188 0.6855265498161316 0.5300362706184387 0 
-1.298435 1.282391 1.431234 0.681002 -1.094438 0.682368 0.530119 -1.2980629205703735 1.2819255590438843 1.428828239440918 0.6830799579620361 -1.0963704586029053 0.6865156888961792 0.530112087726593 0 
-1.298439 1.282994 1.430743 0.682242 -1.096108 0.684455 0.530063 -1.2976409196853638 1.2827891111373901 1.429363489151001 0.6830050945281982 -1.0977126359939575 0.6850349307060242 0.5300735235214233 0 
-1.298119 1.282146 1.429082 0.682974 -1.096389 0.686317 0.530081 -1.2983427047729492 1.2838338613510132 1.4310553073883057 0.6836996674537659 -1.0968648195266724 0.685793399810791 0.5301104187965393 0 
-1.297726 1.282607 1.42915 0.683028 -1.097451 0.68531 0.530087 -1.2980378866195679 1.2818059921264648 1.4300283193588257 0.6813632249832153 -1.0961735248565674 0.6828218102455139 0.5301328301429749 0 
-1.298232 1.283671 1.430774 0.683569 -1.09693 0.685557 0.530099 -1.2978878021240234 1.2828774452209473 1.4306135177612305 0.6824854612350464 -1.0950356721878052 0.6846179366111755 0.5300719141960144 0 
-1.298081 1.282249 1.430392 0.681898 -1.096205 0.68349 0.530124 -1.2981842756271362 1.2827117443084717 1.431003451347351 0.6825915575027466 -1.0954864025115967 0.6845767498016357 0.5300970077514648 0 
-1.297915 1.282771 1.430474 0.682347 -1.095199 0.68444 0.530093 -1.2978105545043945 1.2811304330825806 1.4294956922531128 0.6791045069694519 -1.0970607995986938 0.6833178997039795 0.5300451517105103 0 
-1.298049 1.282802 1.430777 0.682523 -1.095346 0.684556 0.530088 -1.2980835437774658 1.2825870513916016 1.430314064025879 0.6819891929626465 -1.0963536500930786 0.6859315037727356 0.530083954334259 0 
-1.297848 1.281368 1.429809 0.679529 -1.096852 0.683491 0.530055 -1.2980767488479614 1.2815115451812744 1.429133415222168 0.6826523542404175 -1.0956355333328247 0.6854315996170044 0.5301492810249329 0 
-1.298002 1.282289 1.430015 0.681463 -1.096498 0.685423 0.530061 -1.2979260683059692 1.2821139097213745 1.4301207065582275 0.681470513343811 -1.0963093042373657 0.6842654943466187 0.5301222801208496 0 
-1.298054 1.281882 1.429717 0.68228 -1.095904 0.685508 0.530108 -1.2979111671447754 1.2828325033187866 1.4285887479782104 0.683823823928833 -1.0969911813735962 0.6871325969696045 0.5300805568695068 0 
-1.297971 1.281994 1.429816 0.681729 -1.096179 0.684504 0.53013 -1.2979965209960938 1.282302975654602 1.430534839630127 0.6812893152236938 -1.0949920415878296 0.6842604875564575 0.5300716757774353 0 
-1.297917 1.282672 1.429014 0.68331 -1.09684 0.686585 0.530105 -1.2980003356933594 1.2821590900421143 1.4288370609283447 0.683890700340271 -1.0967007875442505 0.6875476837158203 0.530168890953064 0 
-1.297955 1.282513 1.429777 0.682057 -1.095638 0.685062 0.530082 -1.3008639812469482 1.2606241703033447 1.3617233037948608 0.7740706205368042 -1.2259387969970703 0.7958583235740662 0.5375024080276489 0 
-1.297999 1.282169 1.42889 0.683835 -1.096675 0.687498 0.530164 -1.3022418022155762 1.25554621219635 1.3653455972671509 0.7749335169792175 -1.2250581979751587 0.7949159741401672 0.5374935865402222 0 
-1.298 1.282163 1.428857 0.683865 -1.096695 0.687529 0.530166 -1.3062622547149658 1.2471184730529785 1.376596212387085 0.7619929909706116 -1.214306354522705 0.7838581204414368 0.5374623537063599 0 
-1.298 1.282157 1.428835 0.683891 -1.0967 0.687546 0.530169 -1.306728482246399 1.2463613748550415 1.3767215013504028 0.761549711227417 -1.2119896411895752 0.7843786478042603 0.5374780297279358 0 
-1.298 1.282156 1.428831 0.683892 -1.096701 0.687549 0.530169 -1.306502103805542 1.2474554777145386 1.3747471570968628 0.7650344967842102 -1.2172589302062988 0.78421950340271 0.5376851558685303 0 
-1.298 1.282156 1.42883 0.683892 -1.096701 0.687548 0.530169 -1.3049490451812744 1.2511570453643799 1.372321605682373 0.7653326988220215 -1.2163445949554443 0.786241888999939 0.5376330614089966 0 
-1.298 1.282156 1.428831 0.683892 -1.096701 0.687547 0.530169 -1.3069442510604858 1.2462466955184937 1.3771326541900635 0.7621902823448181 -1.2133935689926147 0.7828822731971741 0.5375550389289856 0 
-1.298 1.282156 1.428832 0.683892 -1.096701 0.687547 0.530169 -1.3051934242248535 1.2479933500289917 1.3728047609329224 0.7667603492736816 -1.2181949615478516 0.7860381007194519 0.5376322865486145 0 
-1.298 1.282156 1.428832 0.683892 -1.096701 0.687547 0.530169 -1.3063633441925049 1.246984601020813 1.3754451274871826 0.7646991014480591 -1.2164602279663086 0.7836549282073975 0.5376078486442566 0 
-1.298 1.282157 1.428833 0.683892 -1.096701 0.687547 0.530169 -1.3055239915847778 1.2467255592346191 1.3748993873596191 0.7635616064071655 -1.2145291566848755 0.786739706993103 0.5376573801040649 0 
-1.298 1.282157 1.428834 0.683892 -1.096701 0.687547 0.530169 -1.3076372146606445 1.2431961297988892 1.3796488046646118 0.7621760368347168 -1.212344765663147 0.7816646695137024 0.537594199180603 0 
-1.298 1.282158 1.428834 0.683892 -1.096701 0.687547 0.530169 -1.3048032522201538 1.2482271194458008 1.3729218244552612 0.7679985165596008 -1.2179168462753296 0.7862972021102905 0.5376900434494019 0 
-1.298 1.282158 1.428834 0.683892 -1.096701 0.687547 0.530169 -1.3052232265472412 1.2471338510513306 1.373032808303833 0.7660549283027649 -1.2197743654251099 0.7847915291786194 0.537754476070404 0 
-1.298 1.282158 1.428834 0.683892 -1.096701 0.687547 0.530169 -1.3072283267974854 1.2448488473892212 1.3780391216278076 0.7619087100028992 -1.2106685638427734 0.7813528776168823 0.537692129611969 0 
-1.298 1.282158 1.428835 0.683892 -1.096701 0.687547 0.530169 -1.3060506582260132 1.2463947534561157 1.3747276067733765 0.767695963382721 -1.2199256420135498 0.7840561866760254 0.5377098917961121 0 
-1.298 1.282158 1.428835 0.683892 -1.096701 0.687547 0.530169 -1.3078316450119019 1.242908000946045 1.3800921440124512 0.7612602710723877 -1.2132326364517212 0.781350314617157 0.5376955270767212 0 
-1.298 1.282158 1.428836 0.683892 -1.096701 0.687547 0.53017 -1.3069406747817993 1.2421358823776245 1.3779919147491455 0.7628054618835449 -1.2123818397521973 0.7814337611198425 0.5378103256225586 0 
-1.298 1.282158 1.428836 0.683892 -1.096701 0.687547 0.530169 -1.3074864149093628 1.2407221794128418 1.3802642822265625 0.7610119581222534 -1.2123639583587646 0.7812644243240356 0.5376408696174622 0 
-1.298 1.282158 1.428836 0.683892 -1.096701 0.687547 0.530169 -1.3054622411727905 1.247927188873291 1.3736798763275146 0.7658116817474365 -1.2175830602645874 0.7876095771789551 0.5377461910247803 0 
-1.298 1.282158 1.428836 0.683892 -1.096701 0.687547 0.530169 -1.306778907775879 1.2446625232696533 1.3766297101974487 0.7656840682029724 -1.2148399353027344 0.7834054231643677 0.5376792550086975 0 
-1.298 1.282158 1.428836 0.683892 -1.096701 0.687547 0.530169 -1.3063186407089233 1.2455273866653442 1.376491665840149 0.7659469842910767 -1.2180500030517578 0.7841690182685852 0.537642776966095 0 
-1.298 1.282158 1.428836 0.683891 -1.096701 0.687547 0.530169 -1.3098572492599487 1.2394709587097168 1.385022759437561 0.7572728991508484 -1.2062832117080688 0.7759854197502136 0.537588894367218 0 
-1.29811 1.281922 1.428579 0.684153 -1.097457 0.688341 0.530762 -1.3071907758712769 1.2424397468566895 1.379427194595337 0.7644388675689697 -1.2141847610473633 0.7833690643310547 0.5376900434494019 0 
-1.307078 1.263015 1.409565 0.70338 -1.116385 0.707182 0.53606 -1.3070472478866577 1.2423888444900513 1.3773328065872192 0.7653048038482666 -1.215010643005371 0.7822842001914978 0.5377803444862366 0 
-1.309455 1.242861 1.388624 0.740626 -1.153886 0.744991 0.537384 -1.3062937259674072 1.2451324462890625 1.3752520084381104 0.767998218536377 -1.2157319784164429 0.7856454253196716 0.5378084778785706 0 
-1.309775 1.240294 1.385688 0.753536 -1.183447 0.768205 0.537519 -1.3075124025344849 1.2417160272598267 1.3798154592514038 0.7628932595252991 -1.2136609554290771 0.7821172475814819 0.5377190113067627 0 
-1.309844 1.239519 1.385143 0.756961 -1.204414 0.775339 0.53759 -1.3086049556732178 1.2408150434494019 1.3806638717651367 0.7627772688865662 -1.2169917821884155 0.7782935500144958 0.5376889705657959 0 
-1.309858 1.239481 1.385042 0.757217 -1.206049 0.775903 0.537588 -1.3074392080307007 1.2423312664031982 1.378915548324585 0.764962375164032 -1.2174938917160034 0.780657172203064 0.5377578735351562 0 
-1.309858 1.239472 1.385024 0.757261 -1.206252 0.775978 0.537589 -1.3089425563812256 1.2406901121139526 1.38249671459198 0.7627477645874023 -1.216394066810608 0.7784775495529175 0.5376101732254028 0 
-1.309858 1.239469 1.385021 0.757273 -1.206278 0.775984 0.537589 -1.309728980064392 1.238235592842102 1.3845242261886597 0.7590076923370361 -1.2103742361068726 0.7756193280220032 0.5377566814422607 0 
-1.309857 1.239469 1.38502 0.757273 -1.206283 0.775984 0.537588 -1.310187816619873 1.2368147373199463 1.38568115234375 0.7565233111381531 -1.208875298500061 0.7730044722557068 0.5377087593078613 0 
-1.309791 1.238668 1.384733 0.758487 -1.208987 0.775771 0.537696 -1.3108558654785156 1.2361984252929688 1.388110637664795 0.7572107911109924 -1.2086215019226074 0.7730390429496765 0.5375849008560181 0 
-1.310113 1.237068 1.38541 0.756798 -1.208961 0.773328 0.537713 -1.3103981018066406 1.236616611480713 1.3854190111160278 0.7585394978523254 -1.2103536128997803 0.7744978666305542 0.5377185940742493 0 
-1.310695 1.236358 1.387655 0.757011 -1.20868 0.773058 0.537643 -1.3103402853012085 1.2372643947601318 1.3870347738265991 0.7566895484924316 -1.2080484628677368 0.773002028465271 0.5377355217933655 0 
-1.310528 1.236456 1.386441 0.758085 -1.20975 0.773991 0.537653 -1.3089802265167236 1.238390564918518 1.3816720247268677 0.7643308639526367 -1.2157434225082397 0.7809066772460938 0.5377552509307861 0 
-1.310375 1.237032 1.386338 0.757331 -1.20883 0.773491 0.537709 -1.3105554580688477 1.2364857196807861 1.3860688209533691 0.7579553723335266 -1.2087700366973877 0.7741866111755371 0.537699282169342 0 
-1.30926 1.238156 1.38285 0.762812 -1.214229 0.77944 0.537759 -1.3130648136138916 1.2329390048980713 1.3933334350585938 0.7502034902572632 -1.203152060508728 0.7646108269691467 0.5377306342124939 0 
-1.310057 1.237108 1.384583 0.75976 -1.212302 0.776088 0.537733 -1.3106873035430908 1.2356610298156738 1.3878360986709595 0.7573628425598145 -1.2080045938491821 0.7742979526519775 0.537722110748291 0 
-1.312672 1.233449 1.392351 0.751401 -1.204052 0.765909 0.537739 -1.3109732866287231 1.236569881439209 1.387460470199585 0.7587709426879883 -1.211691975593567 0.772840678691864 0.5377290844917297 0 
-1.311133 1.235165 1.388988 0.755993 -1.207169 0.772596 0.537727 -1.3111144304275513 1.235065221786499 1.3883297443389893 0.7552785873413086 -1.2073476314544678 0.7730527520179749 0.5377197861671448 0 
-1.310959 1.236143 1.387831 0.758059 -1.210279 0.772959 0.537727 -1.312894344329834 1.2326264381408691 1.392783761024475 0.7507299184799194 -1.2014213800430298 0.7675225734710693 0.5376320481300354 0 
-1.311077 1.235376 1.388155 0.755842 -1.207805 0.772681 0.537716 -1.3106080293655396 1.2366585731506348 1.3863770961761475 0.7570168972015381 -1.210310935974121 0.7748106122016907 0.5376779437065125 0 
-1.312642 1.233005 1.39215 0.751446 -1.202242 0.768198 0.537659 -1.3112350702285767 1.2360858917236328 1.389923334121704 0.7517481446266174 -1.2032382488250732 0.7716549634933472 0.5377063751220703 0 
-1.311337 1.235412 1.388602 0.755012 -1.207462 0.772549 0.537654 -1.3103516101837158 1.2359610795974731 1.3865387439727783 0.7585387825965881 -1.212285041809082 0.7736929655075073 0.537761926651001 0 
-1.311195 1.236044 1.389591 0.752288 -1.203884 0.771878 0.537689 -1.3099989891052246 1.2358877658843994 1.3862543106079102 0.7596679329872131 -1.2121235132217407 0.7754838466644287 0.5377441048622131 0 
-1.310544 1.236032 1.387244 0.757121 -1.210555 0.773291 0.537736 -1.3106173276901245 1.2364641427993774 1.386983036994934 0.7569194436073303 -1.2100574970245361 0.7733295559883118 0.5377013087272644 0 
-1.310153 1.235936 1.38654 0.759018 -1.21179 0.7748 0.537747 -1.3127394914627075 1.2317731380462646 1.393523931503296 0.7513149380683899 -1.203513741493225 0.7666395902633667 0.5376390218734741 0 
-1.310473 1.236322 1.386675 0.757411 -1.210477 0.773717 0.537728 -1.312860131263733 1.232309341430664 1.3939220905303955 0.7493517994880676 -1.2017728090286255 0.7663424611091614 0.5376942753791809 0 
-1.312256 1.232641 1.392271 0.75247 -1.20482 0.767914 0.53767 -1.312766432762146 1.2330950498580933 1.392901062965393 0.7493651509284973 -1.203137755393982 0.7667805552482605 0.5376824736595154 0 
-1.312708 1.232386 1.393398 0.750233 -1.202615 0.766752 0.537663 -1.3125877380371094 1.2322064638137817 1.3924580812454224 0.7524065375328064 -1.2042468786239624 0.7692338228225708 0.5377187728881836 0 
-1.312761 1.232953 1.393121 0.749637 -1.203165 0.767046 0.53768 -1.3123779296875 1.2337440252304077 1.3917200565338135 0.752129852771759 -1.2042782306671143 0.7678380608558655 0.537749707698822 0 
-1.312626 1.232375 1.392532 0.752015 -1.20411 0.768948 0.537702 -1.3121768236160278 1.2336112260818481 1.3921188116073608 0.7506482005119324 -1.2057740688323975 0.7667348384857178 0.5376573801040649 0 
-1.312463 1.233208 1.392009 0.752145 -1.204239 0.768256 0.537725 -1.3126336336135864 1.2326772212982178 1.3930974006652832 0.7511110305786133 -1.2050551176071167 0.7675315141677856 0.5377545356750488 0 
-1.312195 1.233575 1.391967 0.75086 -1.205578 0.766903 0.537696 -1.3133265972137451 1.230656623840332 1.3940553665161133 0.7515823245048523 -1.2044858932495117 0.7661952972412109 0.5376737713813782 0 
-1.31254 1.232765 1.392905 0.75098 -1.205138 0.767224 0.537707 -1.3127925395965576 1.2335941791534424 1.393129587173462 0.7507173418998718 -1.2012550830841064 0.7690622210502625 0.5376527309417725 0 
-1.313141 1.231122 1.393838 0.751469 -1.204627 0.766433 0.537698 -1.3146685361862183 1.22956383228302 1.3982861042022705 0.7444983720779419 -1.1962203979492188 0.7617313861846924 0.5378257632255554 0 
-1.312852 1.233214 1.393413 0.750667 -1.201355 0.76816 0.53767 -1.3138505220413208 1.2310925722122192 1.3964834213256836 0.7491113543510437 -1.2013635635375977 0.766065239906311 0.5376386642456055 0 
-1.314391 1.230117 1.397688 0.745384 -1.196874 0.762631 0.537809 -1.3143116235733032 1.2299776077270508 1.3975754976272583 0.7475871443748474 -1.1986305713653564 0.763027548789978 0.5375733971595764 0 
-1.314067 1.230646 1.397168 0.747685 -1.199755 0.764791 0.53774 -1.3127281665802002 1.2322603464126587 1.393332839012146 0.7491629123687744 -1.2011637687683105 0.764999270439148 0.5377960801124573 0 
-1.314255 1.230131 1.397393 0.747665 -1.19885 0.763301 0.537588 -1.3155624866485596 1.2280172109603882 1.4005472660064697 0.7423638105392456 -1.196634292602539 0.7565923929214478 0.5376134514808655 0 
-1.313259 1.231497 1.3948 0.748575 -1.200326 0.76438 0.537676 -1.3120605945587158 1.2327638864517212 1.3918620347976685 0.7536888718605042 -1.2078701257705688 0.7681636810302734 0.5377791523933411 0 
-1.315056 1.228749 1.399295 0.743611 -1.197422 0.758091 0.53766 -1.3161630630493164 1.2266254425048828 1.4028456211090088 0.7402614951133728 -1.1913065910339355 0.7574925422668457 0.5375741720199585 0 
-1.312756 1.231722 1.393645 0.751197 -1.204912 0.765062 0.537712 -1.3143659830093384 1.2280793190002441 1.3986425399780273 0.7446503639221191 -1.1969201564788818 0.7623523473739624 0.5376246571540833 0 
-1.315687 1.227325 1.401443 0.74192 -1.19382 0.758809 0.537636 -1.315686583518982 1.2283269166946411 1.4006317853927612 0.7409987449645996 -1.1928437948226929 0.7588667273521423 0.5376734137535095 0 
-1.31462 1.227929 1.399361 0.744166 -1.196249 0.761576 0.537606 -1.315263271331787 1.228115200996399 1.3999459743499756 0.7429728507995605 -1.1948288679122925 0.7581743001937866 0.5376684069633484 0 
-1.315508 1.228273 1.400379 0.741398 -1.193299 0.759223 0.537657 -1.3134287595748901 1.231924057006836 1.3943170309066772 0.7478059530258179 -1.2001452445983887 0.7647790908813477 0.537804365158081 0 
-1.315383 1.22826 1.400318 0.742342 -1.194216 0.758506 0.537672 -1.3149129152297974 1.2300372123718262 1.3991367816925049 0.7424394488334656 -1.1945117712020874 0.7577148675918579 0.5377427935600281 0 
-1.313821 1.231153 1.395447 0.746768 -1.199028 0.763584 0.537771 -1.3152397871017456 1.2284046411514282 1.4004783630371094 0.7395376563072205 -1.1909387111663818 0.7578890919685364 0.5376331210136414 0 
-1.314602 1.230401 1.398269 0.743472 -1.195359 0.75902 0.537763 -1.3137942552566528 1.2309178113937378 1.3970974683761597 0.7450953125953674 -1.1969863176345825 0.7628490924835205 0.5376589298248291 0 
-1.315135 1.228715 1.400066 0.740148 -1.191985 0.758422 0.537665 -1.3148095607757568 1.2286608219146729 1.4002021551132202 0.7429352402687073 -1.1952521800994873 0.7591090202331543 0.5377742052078247 0 
-1.314074 1.230455 1.397869 0.74415 -1.195876 0.761918 0.537646 -1.3165092468261719 1.227116346359253 1.402906894683838 0.7384661436080933 -1.186771273612976 0.7571715712547302 0.5377066731452942 0 
-1.314679 1.22896 1.399744 0.743134 -1.195385 0.759481 0.537749 -1.3168493509292603 1.2256407737731934 1.4043158292770386 0.7378848791122437 -1.1891677379608154 0.753813624382019 0.5376453995704651 0 
-1.315889 1.22768 1.401896 0.739852 -1.189692 0.75788 0.537741 -1.3162277936935425 1.2260944843292236 1.4024348258972168 0.7382794618606567 -1.1888319253921509 0.7548156976699829 0.5377117991447449 0 
-1.316673 1.226016 1.403938 0.738221 -1.189057 0.754563 0.53767 -1.3149126768112183 1.2287707328796387 1.3997583389282227 0.7437019944190979 -1.1931277513504028 0.7603620290756226 0.5376225113868713 0 
-1.316349 1.225999 1.402855 0.738276 -1.18923 0.755103 0.537676 -1.3148648738861084 1.2298541069030762 1.3991835117340088 0.7414742708206177 -1.1932485103607178 0.7587839961051941 0.5377354025840759 0 
-1.31509 1.22846 1.400178 0.742969 -1.192607 0.759554 0.537648 -1.314086675643921 1.2315831184387207 1.3979606628417969 0.7401014566421509 -1.192563772201538 0.7586442232131958 0.5377839207649231 0 
-1.314913 1.229563 1.399409 0.74178 -1.19311 0.758979 0.537691 -1.3160756826400757 1.226776123046875 1.40352201461792 0.7382943630218506 -1.1881405115127563 0.7561856508255005 0.5376164317131042 0 
-1.314175 1.231322 1.398233 0.740317 -1.192644 0.758671 0.537777 -1.3159228563308716 1.2264881134033203 1.4021772146224976 0.7396607398986816 -1.1914088726043701 0.7555990815162659 0.5375978946685791 0 
-1.315366 1.228368 1.40143 0.738927 -1.189629 0.756981 0.537724 -1.3145357370376587 1.2305529117584229 1.3979929685592651 0.7449996471405029 -1.1958189010620117 0.7603374719619751 0.5377430319786072 0 
-1.315837 1.226804 1.402251 0.739466 -1.190934 0.755834 0.537619 -1.3144044876098633 1.2299011945724487 1.3987352848052979 0.7421841621398926 -1.1917660236358643 0.7607706785202026 0.5376530289649963 0 
-1.314816 1.229771 1.398867 0.744028 -1.194907 0.759484 0.537678 -1.3144885301589966 1.230042576789856 1.3981152772903442 0.7442715764045715 -1.1939442157745361 0.7617374658584595 0.5377252697944641 0 
-1.314481 1.23009 1.398495 0.743038 -1.19304 0.760513 0.537691 -1.3132603168487549 1.2303967475891113 1.394399881362915 0.7457156181335449 -1.1955347061157227 0.7644411325454712 0.5378203988075256 0 
-1.314464 1.23003 1.398353 0.74391 -1.193649 0.761506 0.537702 -1.311110019683838 1.2372652292251587 1.3898921012878418 0.7489176392555237 -1.197424054145813 0.769187867641449 0.5375733971595764 0 
-1.313519 1.230289 1.395121 0.745356 -1.195158 0.763871 0.537789 -1.3157246112823486 1.2277915477752686 1.4016945362091064 0.7408505082130432 -1.1911087036132812 0.755801796913147 0.5376892685890198 0 
-1.311596 1.235693 1.391024 0.747922 -1.196592 0.767319 0.537623 -1.3121922016143799 1.2341715097427368 1.3924651145935059 0.7488961219787598 -1.1996177434921265 0.7668421864509583 0.5376471281051636 0 
-1.314879 1.229286 1.399446 0.74212 -1.192261 0.758527 0.537653 -1.3149690628051758 1.2283880710601807 1.3997763395309448 0.7422568202018738 -1.1914048194885254 0.7572810053825378 0.5376991033554077 0 
-1.312808 1.233099 1.393938 0.747495 -1.197993 0.764909 0.537664 -1.3132392168045044 1.2336077690124512 1.3944838047027588 0.7460064888000488 -1.198760986328125 0.761539876461029 0.5377371907234192 0 
-1.314084 1.230164 1.397486 0.744371 -1.193973 0.760174 0.537704 -1.312667965888977 1.2336888313293457 1.39346182346344 0.746433675289154 -1.1976875066757202 0.7645966410636902 0.5377827882766724 0 
-1.313513 1.232805 1.395157 0.745519 -1.197584 0.761168 0.537736 -1.3129427433013916 1.2312815189361572 1.393638014793396 0.7479049563407898 -1.1973797082901 0.7645732164382935 0.5377835631370544 0 
-1.313368 1.233081 1.394999 0.745655 -1.198027 0.761397 0.537723 -1.3138325214385986 1.2315342426300049 1.3965967893600464 0.7454864382743835 -1.1974648237228394 0.762710690498352 0.5375419855117798 0 
-1.313368 1.233081 1.394999 0.745655 -1.198027 0.761397 0.537723 -1.3161208629608154 1.2279616594314575 1.4017361402511597 0.7386065125465393 -1.1888725757598877 0.7549557685852051 0.5377567410469055 0 
-1.313368 1.233081 1.394999 0.745655 -1.198027 0.761397 0.537723 -1.3113189935684204 1.2366738319396973 1.3884100914001465 0.7540140151977539 -1.2052924633026123 0.7726528644561768 0.5377349257469177 0 
-1.313368 1.233081 1.394999 0.745655 -1.198027 0.761397 0.537723 -1.311262845993042 1.2351953983306885 1.3889374732971191 0.7534217834472656 -1.205854892730713 0.7690816521644592 0.5377228856086731 0 
-1.313368 1.233081 1.394999 0.745655 -1.198027 0.761397 0.537723 -1.313866138458252 1.231239676475525 1.3957781791687012 0.7487702369689941 -1.201537013053894 0.7626111507415771 0.5376258492469788 0 
-1.313368 1.233081 1.394999 0.745655 -1.198027 0.761397 0.537723 -1.3128582239151 1.2334293127059937 1.392562985420227 0.7486723065376282 -1.1993905305862427 0.7652111649513245 0.5376635193824768 0 
-1.313368 1.233081 1.394999 0.745655 -1.198027 0.761397 0.537723 -1.3132864236831665 1.2318651676177979 1.3949146270751953 0.7471724152565002 -1.198671579360962 0.7618858814239502 0.5376246571540833 0 
-1.313368 1.233081 1.394999 0.745655 -1.198027 0.761397 0.537723 -1.3106980323791504 1.2357442378997803 1.3887439966201782 0.7532737255096436 -1.2059946060180664 0.7704224586486816 0.5376170873641968 0 
-1.313368 1.233081 1.394999 0.745655 -1.198027 0.761397 0.537723 -1.3138149976730347 1.231339693069458 1.396637201309204 0.7443349361419678 -1.193841576576233 0.761835515499115 0.5375419855117798 0 
-1.313368 1.233081 1.394999 0.745655 -1.198027 0.761397 0.537723 -1.3127942085266113 1.2342519760131836 1.3932942152023315 0.7470260858535767 -1.199462890625 0.7648376822471619 0.5376566052436829 0 
-1.313368 1.233081 1.394999 0.745655 -1.198027 0.761397 0.537723 -1.310193657875061 1.2377586364746094 1.3868321180343628 0.7551693916320801 -1.2072926759719849 0.7719548940658569 0.5377382040023804 0 
